[gd_scene load_steps=6 format=3 uid="uid://utxrauhwpo4h"]

[ext_resource type="PackedScene" uid="uid://b5npru6ruf312" path="res://addons/dither3d/full-screen-effect/UpscaleViewport.tscn" id="1_hi4p6"]
[ext_resource type="Material" uid="uid://crj3is1mhvqs2" path="res://addons/dither3d/materials/dither3d-opaque-default.tres" id="2_material"]

[sub_resource type="SphereMesh" id="SphereMesh_1"]
material = ExtResource("2_material")

[sub_resource type="BoxMesh" id="BoxMesh_1"]
material = ExtResource("2_material")

[sub_resource type="ViewportTexture" id="ViewportTexture_hi4p6"]
viewport_path = NodePath("UpscaleViewport/SubViewport")

[node name="UpscaleDemo" type="Node2D"]

[node name="UpscaleViewport" parent="." instance=ExtResource("1_hi4p6")]
offset_right = 320.0
offset_bottom = 240.0

[node name="Node3D" type="Node3D" parent="UpscaleViewport/SubViewport" index="0"]

[node name="Sphere" type="MeshInstance3D" parent="UpscaleViewport/SubViewport/Node3D"]
transform = Transform3D(1, 0, 0, 0, 1, 0, 0, 0, 1, 1.5, 0, 0)
mesh = SubResource("SphereMesh_1")
skeleton = NodePath("../../../../..")

[node name="Cube" type="MeshInstance3D" parent="UpscaleViewport/SubViewport/Node3D"]
transform = Transform3D(0.707107, 0, 0.707107, 0, 1, 0, -0.707107, 0, 0.707107, -1.5, 0, 0)
mesh = SubResource("BoxMesh_1")
skeleton = NodePath("../../../../..")

[node name="DirectionalLight3D" type="DirectionalLight3D" parent="UpscaleViewport/SubViewport/Node3D"]
transform = Transform3D(0.8660253, -0.4330129, 0.2500001, 0, 0.49999994, 0.86602545, -0.50000024, -0.74999994, 0.43301257, 0, 0, 0)
shadow_enabled = true

[node name="Camera3D" type="Camera3D" parent="UpscaleViewport/SubViewport/Node3D"]
transform = Transform3D(1, 0, 0, 0, 0.9659259, 0.25881898, 0, -0.25881898, 0.9659259, 0, 1.5, 4)

[node name="ViewportDisplay" parent="UpscaleViewport" index="1"]
texture = SubResource("ViewportTexture_hi4p6")
stretch_mode = 0

[node name="Label" type="Label" parent="UpscaleViewport"]
layout_mode = 0
offset_left = 20.0
offset_top = 20.0
offset_right = 300.0
offset_bottom = 46.0
text = "Upscale Demo (320x240 -> Screen)"

[editable path="UpscaleViewport"]
